  File: /opt/techcorp/devproject
  Size: 4096      	Blocks: 8          IO Block: 4096   directory
Device: 8,2	Inode: 1314583     Links: 2
Access: (0770/drwxrwx---)  Uid: (    0/    root)   Gid: ( 1003/ devteam)
Access: 2026-05-22 23:42:04.719346311 +0700
Modify: 2026-05-22 23:42:46.787445997 +0700
Change: 2026-05-22 23:42:46.787445997 +0700
 Birth: 2026-05-22 23:42:04.719346311 +0700
